1 9
2 1
3 1
4 1
5 4
6 -1
7 -1
8 1
9 1
10 1
11 1
12 1
15 1
17 12
19 8
22 1
23 -1
25 3
28 8
30 8
31 8 
32 7
35 -1
37 6
39 -1
41 -1
42 -1 
43 1
44 1
46 1
47 -1
54 4
58 -1
59 1
61 3
64 1
68 -1
72 4
79 -1
81 -1
82 -1
83 -1
84 -1 
86 0
87 1
89 -1
90 3
91 3
94 -1
96 -1
100 -1
102 -1
105 -1
109 2
110 3
111 10
112 0
116 -1
117 0
122 12
127 -1 
128 -1
131 -1
133 2
136 0
138 1
143 12
147 -1
148 3
150 -1
151 10
152 3
153 4
156 1
157 3
158 -1
159 3
161 -1
163 10
164 4
168 1
171 1
175 -1
177 9
178 1
180 -1
181 1
182 -1
183 -1
184 11
188 9
190 1
192 9
194 1
195 -1
198 3
